NC_001408.1:5244-6260	MT783263	98.529	340	4	1	1	339	641	1660	0.0	693
NC_001408.1:5244-6260	DQ412726	99.110	337	3	0	1	337	7	1017	0.0	687
NC_001408.1:5244-6260	DQ412727	99.112	338	2	1	1	337	7	1020	0.0	687
NC_001408.1:5244-6260	HM362423	98.529	340	4	1	1	339	218	1237	0.0	686
NC_001408.1:5244-6260	HM362424	98.529	340	4	1	1	339	218	1237	0.0	686
NC_001408.1:5244-6260	HM362425	98.529	340	4	1	1	339	218	1237	0.0	686
NC_001408.1:5244-6260	MK951945	98.529	340	4	1	1	339	1	1020	0.0	685
NC_001408.1:5244-6260	ALERAV1	90.533	338	31	1	1	337	242	1255	0.0	635
NC_001408.1:5244-6260	KC282889	90.801	337	30	1	1	336	7	1017	0.0	633
NC_001408.1:5244-6260	KC282890	90.801	337	30	1	1	336	7	1017	0.0	633
NC_001408.1:5244-6260	MG132095	89.614	337	35	0	1	337	7	1017	0.0	630
NC_001408.1:5244-6260	MG132099	89.614	337	35	0	1	337	7	1017	0.0	630
NC_001408.1:5244-6260	MG132100	89.614	337	35	0	1	337	7	1017	0.0	630
NC_001408.1:5244-6260	MG210811	89.614	337	35	0	1	337	7	1017	0.0	630
NC_001408.1:5244-6260	MG210816	89.614	337	35	0	1	337	7	1017	0.0	630
NC_001408.1:5244-6260	MG210817	89.614	337	35	0	1	337	7	1017	0.0	630
NC_001408.1:5244-6260	MG210813	89.318	337	36	0	1	337	7	1017	0.0	630
NC_001408.1:5244-6260	MG132096	89.318	337	36	0	1	337	7	1017	0.0	629
NC_001408.1:5244-6260	MG132098	89.318	337	36	0	1	337	7	1017	0.0	629
NC_001408.1:5244-6260	MG132102	89.318	337	36	0	1	337	7	1017	0.0	629
NC_001408.1:5244-6260	MG132101	89.318	337	36	0	1	337	7	1017	0.0	629
NC_001408.1:5244-6260	MG210815	89.318	337	36	0	1	337	7	1017	0.0	629
NC_001408.1:5244-6260	MG210810	89.318	337	36	0	1	337	7	1017	0.0	628
NC_001408.1:5244-6260	MG210818	89.318	337	36	0	1	337	7	1017	0.0	628
NC_001408.1:5244-6260	MG210820	89.318	337	36	0	1	337	7	1017	0.0	628
NC_001408.1:5244-6260	KC282892	89.645	338	34	1	1	337	7	1020	0.0	628
NC_001408.1:5244-6260	MG210819	88.724	337	38	0	1	337	7	1017	0.0	626
NC_001408.1:5244-6260	MT783295	88.047	343	37	2	1	339	641	1669	0.0	625
NC_001408.1:5244-6260	MG210814	88.724	337	38	0	1	337	7	1017	0.0	624
NC_001408.1:5244-6260	MG210812	88.724	337	38	0	1	337	7	1017	0.0	624
NC_001408.1:5244-6260	MG210821	88.427	337	39	0	1	337	7	1017	0.0	624
NC_001408.1:5244-6260	MT783256	87.755	343	38	2	1	339	641	1669	0.0	623
NC_001408.1:5244-6260	HM775328	88.724	337	38	0	1	337	7	1017	0.0	622
NC_001408.1:5244-6260	EU352877	87.791	344	37	2	1	339	127	1158	0.0	615
NC_001408.1:5244-6260	KT717406	88.955	335	36	1	4	337	1	1005	0.0	612
NC_001408.1:5244-6260	KM873198	87.427	342	38	2	1	337	7	1032	0.0	610
NC_001408.1:5244-6260	KM873196	87.427	342	38	2	1	337	7	1032	0.0	609
NC_001408.1:5244-6260	KM873199	86.842	342	40	2	1	337	7	1032	0.0	609
NC_001408.1:5244-6260	MH186087	86.982	338	44	0	1	338	7	1020	0.0	608
NC_001408.1:5244-6260	KM873197	87.427	342	38	2	1	337	7	1032	0.0	608
NC_001408.1:5244-6260	KT717400	87.316	339	38	2	4	337	1	1017	0.0	604
NC_001408.1:5244-6260	KT717399	87.316	339	38	2	4	337	1	1017	0.0	604
NC_001408.1:5244-6260	KT717401	87.021	339	39	2	4	337	1	1017	0.0	602
NC_001408.1:5244-6260	MG132097	88.854	314	35	0	24	337	1	942	0.0	580
NC_001408.1:5244-6260	KM873223	83.529	340	51	3	1	337	7	1020	0.0	577
NC_001408.1:5244-6260	MT783248	83.578	341	48	4	1	338	641	1648	0.0	571
NC_001408.1:5244-6260	AB764101	82.596	339	53	3	1	338	199	1200	0.0	567
NC_001408.1:5244-6260	AB764105	82.353	340	54	3	1	339	199	1203	0.0	567
NC_001408.1:5244-6260	MT783265	82.596	339	53	3	1	338	641	1642	0.0	567
NC_001408.1:5244-6260	AB764100	82.596	339	53	3	1	338	199	1200	0.0	566
NC_001408.1:5244-6260	AB617819	82.353	340	54	3	1	339	5258	6262	0.0	566
NC_001408.1:5244-6260	KC862333	82.698	341	51	4	1	338	199	1206	0.0	564
NC_001408.1:5244-6260	KM873224	82.353	340	54	4	1	337	7	1017	0.0	563
NC_001408.1:5244-6260	KC862332	82.698	341	51	4	1	338	199	1206	0.0	563
NC_001408.1:5244-6260	MT783272	81.416	339	58	2	1	338	641	1645	0.0	559
NC_001408.1:5244-6260	KM873216	82.249	338	54	3	1	337	7	1005	0.0	558
NC_001408.1:5244-6260	MT783282	81.121	339	58	3	1	338	641	1642	0.0	557
NC_001408.1:5244-6260	AB670315	80.057	351	56	5	1	339	219	1265	0.0	556
NC_001408.1:5244-6260	AB670316	80.057	351	56	5	1	339	219	1265	0.0	556
NC_001408.1:5244-6260	AB670317	80.057	351	56	5	1	339	219	1265	0.0	556
NC_001408.1:5244-6260	KM873201	81.953	338	55	3	1	337	7	1005	0.0	551
NC_001408.1:5244-6260	AY013305	80.114	352	55	6	1	339	619	1668	0.0	551
NC_001408.1:5244-6260	MT783249	81.121	339	58	3	1	338	641	1642	0.0	551
NC_001408.1:5244-6260	KM873210	81.065	338	58	3	1	337	7	1005	0.0	550
NC_001408.1:5244-6260	AB764103	82.647	340	53	3	1	339	199	1203	0.0	550
NC_001408.1:5244-6260	KM873215	81.361	338	57	3	1	337	7	1005	0.0	548
NC_001408.1:5244-6260	KM873202	80.769	338	59	3	1	337	7	1005	0.0	548
NC_001408.1:5244-6260	KM873205	80.769	338	59	3	1	337	7	1005	0.0	548
NC_001408.1:5244-6260	KM873221	81.361	338	57	3	1	337	7	1005	0.0	548
NC_001408.1:5244-6260	KM873208	80.473	338	60	3	1	337	7	1005	0.0	546
NC_001408.1:5244-6260	MT783253	80.236	339	60	4	1	338	641	1639	0.0	545
NC_001408.1:5244-6260	MT783258	79.941	339	61	4	1	338	641	1639	0.0	544
NC_001408.1:5244-6260	KF999962	80.178	338	61	3	1	337	7	1005	0.0	543
NC_001408.1:5244-6260	KT717405	80.347	346	54	5	4	337	1	1032	0.0	543
NC_001408.1:5244-6260	MT783250	79.941	339	61	4	1	338	641	1639	0.0	543
NC_001408.1:5244-6260	KM873213	80.473	338	60	3	1	337	7	1005	0.0	542
NC_001408.1:5244-6260	KM873214	80.473	338	60	3	1	337	7	1005	0.0	542
NC_001408.1:5244-6260	MT783262	79.056	339	64	4	1	338	641	1639	0.0	540
NC_001408.1:5244-6260	MT783257	79.351	339	64	3	1	338	641	1642	0.0	539
NC_001408.1:5244-6260	KM873203	80.473	338	60	3	1	337	7	1005	0.0	538
NC_001408.1:5244-6260	MT783277	80.826	339	59	3	1	338	641	1642	0.0	537
NC_001408.1:5244-6260	KM873204	79.882	338	61	4	1	337	7	1002	0.0	537
NC_001408.1:5244-6260	KM873207	79.882	338	61	4	1	337	7	1002	0.0	537
NC_001408.1:5244-6260	MT783273	80.531	339	60	3	1	338	641	1642	0.0	535
NC_001408.1:5244-6260	MT783274	80.294	340	61	3	1	339	641	1645	0.0	535
NC_001408.1:5244-6260	KM873200	79.586	338	62	4	1	337	7	1002	0.0	535
NC_001408.1:5244-6260	KM873206	79.586	338	62	4	1	337	7	1002	0.0	535
NC_001408.1:5244-6260	KM873222	79.586	338	62	4	1	337	7	1002	0.0	535
NC_001408.1:5244-6260	KM873212	79.586	338	62	4	1	337	7	1002	0.0	533
NC_001408.1:5244-6260	MT783268	80.236	339	61	3	1	338	641	1642	0.0	532
NC_001408.1:5244-6260	MT783252	77.551	343	69	4	1	338	644	1663	0.0	531
NC_001408.1:5244-6260	MT783261	79.646	339	63	3	1	338	175	1176	0.0	531
NC_001408.1:5244-6260	KM873219	80.769	338	59	3	1	337	7	1005	0.0	530
NC_001408.1:5244-6260	MT783283	80.236	339	61	3	1	338	641	1642	0.0	530
NC_001408.1:5244-6260	KM873211	81.065	338	58	3	1	337	7	1005	0.0	530
NC_001408.1:5244-6260	KM873217	81.065	338	58	3	1	337	7	1005	0.0	530
NC_001408.1:5244-6260	KM873218	81.065	338	58	3	1	337	7	1005	0.0	530
NC_001408.1:5244-6260	KM873220	80.473	338	60	3	1	337	7	1005	0.0	527
NC_001408.1:5244-6260	KM873209	80.473	338	60	3	1	337	7	1005	0.0	526
NC_001408.1:5244-6260	KF999961	79.882	338	61	4	1	337	7	1002	0.0	519
NC_001408.1:5244-6260	KM058055	77.168	346	68	5	1	337	7	1038	0.0	501
NC_001408.1:5244-6260	JN977128	79.567	323	52	5	1	311	7	969	0.0	501
NC_001408.1:5244-6260	KM058056	76.657	347	68	6	1	337	7	1038	0.0	500
NC_001408.1:5244-6260	AB764108	77.874	348	66	5	1	339	199	1236	1.02e-180	515
NC_001408.1:5244-6260	MT783271	77.937	349	64	6	1	339	641	1678	1.38e-179	514
NC_001408.1:5244-6260	MH186093	73.699	346	80	5	1	337	7	1038	1.63e-179	496
NC_001408.1:5244-6260	KT717404	76.968	343	68	5	4	337	1	1023	1.85e-179	495
NC_001408.1:5244-6260	MT783291	77.586	348	67	5	1	339	641	1678	4.10e-179	512
NC_001408.1:5244-6260	KT717403	76.453	344	68	6	4	337	1	1023	1.65e-178	493
NC_001408.1:5244-6260	AB764099	77.011	348	69	5	1	339	199	1236	2.11e-178	509
NC_001408.1:5244-6260	MH186090	73.121	346	82	5	1	337	7	1038	2.49e-178	493
NC_001408.1:5244-6260	KT717397	76.385	343	70	5	4	337	1	1023	5.63e-178	491
NC_001408.1:5244-6260	KT717402	75.802	343	71	5	4	337	1	1020	1.94e-177	490
NC_001408.1:5244-6260	KC282901	75.723	346	73	5	1	337	7	1038	6.22e-177	489
NC_001408.1:5244-6260	KT717398	75.802	343	72	5	4	337	1	1023	1.59e-176	488
NC_001408.1:5244-6260	KC282891	75.652	345	73	5	1	336	7	1035	4.03e-176	487
NC_001408.1:5244-6260	MT783259	76.437	348	71	5	1	339	641	1678	1.33e-175	504
NC_001408.1:5244-6260	KC282900	74.855	346	76	5	1	337	7	1038	1.47e-175	486
NC_001408.1:5244-6260	MT783289	75.862	348	73	5	1	339	641	1678	4.44e-175	503
NC_001408.1:5244-6260	KC282899	75.145	346	75	5	1	337	7	1038	6.97e-175	484
NC_001408.1:5244-6260	MT783290	75.575	348	74	5	1	339	641	1678	9.58e-175	502
NC_001408.1:5244-6260	MT783301	76.149	348	72	5	1	339	641	1678	2.07e-174	501
NC_001408.1:5244-6260	MH186092	74.855	346	76	5	1	337	7	1038	2.18e-174	483
NC_001408.1:5244-6260	MT783287	76.149	348	72	5	1	339	641	1678	4.26e-174	500
NC_001408.1:5244-6260	MH186091	74.063	347	77	6	1	337	7	1038	9.60e-173	478
NC_001408.1:5244-6260	MT783281	75.575	348	74	5	1	339	641	1678	3.11e-171	494
NC_001408.1:5244-6260	MH186088	73.988	346	79	5	1	337	7	1038	4.19e-171	474
NC_001408.1:5244-6260	MH186089	72.254	346	85	5	1	337	7	1038	4.57e-166	462
NC_001408.1:5244-6260	HM446005	76.437	348	71	5	1	339	5251	6288	4.73e-165	504
NC_001408.1:5244-6260	KJ018762	74.419	258	52	5	93	338	4	771	7.58e-132	372
NC_001408.1:5244-6260	AB669570	75.000	212	47	3	129	339	1	621	1.66e-111	320
NC_001408.1:5244-6260	AB669572	75.000	212	47	3	129	339	1	621	1.66e-111	320
NC_001408.1:5244-6260	AB669576	72.897	214	52	3	126	338	4	630	1.49e-109	313
NC_001408.1:5244-6260	KM099228	92.208	154	12	0	20	173	1	462	7.01e-102	291
NC_001408.1:5244-6260	FJ545742	89.677	155	16	0	1	155	219	683	2.11e-99	288
NC_001408.1:5244-6260	DQ412729	86.624	157	19	2	1	155	7	477	1.09e-91	266
NC_001408.1:5244-6260	DQ412728	85.256	156	22	1	1	155	7	474	7.69e-91	264
NC_001408.1:5244-6260	KM099229	72.840	162	35	3	20	173	1	483	1.75e-67	204
NC_001408.1:5244-6260	KM873195	37.079	356	153	16	1	337	7	918	1.98e-48	160
NC_001408.1:5244-6260	KT598478	37.151	358	150	16	1	337	7	918	2.11e-48	160
NC_001408.1:5244-6260	KT598479	36.313	358	154	13	1	337	7	921	2.38e-48	160
NC_001408.1:5244-6260	KT598486	36.034	358	154	15	1	337	7	918	3.09e-48	159
NC_001408.1:5244-6260	MZ197985	37.151	358	150	15	1	337	7	918	4.29e-48	159
NC_001408.1:5244-6260	HM640948	35.775	355	158	14	1	337	7	915	4.55e-48	159
NC_001408.1:5244-6260	JN378892	37.326	359	149	16	1	337	7	921	5.16e-48	159
NC_001408.1:5244-6260	HM640944	36.313	358	154	14	1	337	7	921	5.61e-48	159
NC_001408.1:5244-6260	KT598468	36.011	361	150	13	1	337	7	918	6.99e-48	159
NC_001408.1:5244-6260	KF796647	35.537	363	150	15	1	337	7	921	1.24e-47	158
NC_001408.1:5244-6260	KT598491	36.313	358	153	15	1	337	7	918	1.27e-47	158
NC_001408.1:5244-6260	KM873185	36.915	363	143	15	1	337	7	915	1.30e-47	158
NC_001408.1:5244-6260	HM640946	35.112	356	160	14	1	337	7	918	1.39e-47	158
NC_001408.1:5244-6260	KC282893	34.711	363	153	13	1	337	7	921	1.44e-47	158
NC_001408.1:5244-6260	KT598481	35.574	357	157	14	1	337	7	918	1.98e-47	157
NC_001408.1:5244-6260	JN378891	34.435	363	153	13	1	337	7	918	2.20e-47	157
NC_001408.1:5244-6260	HM640945	35.537	363	150	14	1	337	7	921	2.78e-47	157
NC_001408.1:5244-6260	JN378887	37.047	359	150	16	1	337	7	921	2.91e-47	157
NC_001408.1:5244-6260	KT598485	36.872	358	152	15	1	337	7	921	3.41e-47	157
NC_001408.1:5244-6260	KT598473	36.389	360	152	15	1	337	7	924	3.42e-47	157
NC_001408.1:5244-6260	HM640947	35.083	362	152	14	1	337	7	918	3.77e-47	157
NC_001408.1:5244-6260	KJ631319	35.135	370	142	16	1	337	7	921	3.87e-47	157
NC_001408.1:5244-6260	MT380461	37.092	337	144	13	1	319	7	867	4.00e-47	156
NC_001408.1:5244-6260	KM873188	34.807	362	153	13	1	337	7	918	4.15e-47	156
NC_001408.1:5244-6260	KT598482	36.592	358	152	15	1	337	7	918	4.92e-47	156
NC_001408.1:5244-6260	KT598488	37.430	358	149	16	1	337	7	918	5.64e-47	156
NC_001408.1:5244-6260	KC875858	37.500	336	146	13	1	319	7	873	5.77e-47	161
NC_001408.1:5244-6260	KT598476	35.278	360	154	13	1	337	7	918	6.01e-47	156
NC_001408.1:5244-6260	KM873189	34.973	366	148	13	1	337	7	921	6.10e-47	156
NC_001408.1:5244-6260	KM873190	34.973	366	148	13	1	337	7	921	6.10e-47	156
NC_001408.1:5244-6260	HM775329	36.111	360	153	16	1	337	7	924	6.46e-47	156
NC_001408.1:5244-6260	KF796652	33.333	363	159	12	1	337	7	924	8.33e-47	155
NC_001408.1:5244-6260	KM873194	33.989	356	163	12	1	337	7	915	9.45e-47	155
NC_001408.1:5244-6260	KT598480	35.977	353	161	13	1	337	7	918	1.02e-46	155
NC_001408.1:5244-6260	KC875862	36.283	339	145	13	1	319	7	870	1.17e-46	160
NC_001408.1:5244-6260	KM873191	36.056	355	155	15	1	337	7	909	1.21e-46	155
NC_001408.1:5244-6260	MT380459	36.212	359	153	15	1	337	7	921	1.28e-46	155
NC_001408.1:5244-6260	KT598484	35.359	362	152	14	1	337	7	921	1.34e-46	155
NC_001408.1:5244-6260	FJ619190	36.111	360	154	15	1	337	7	927	1.58e-46	155
NC_001408.1:5244-6260	KF796641	35.876	354	151	14	1	337	7	891	1.60e-46	155
NC_001408.1:5244-6260	KT598489	37.151	358	150	16	1	337	7	918	1.83e-46	155
NC_001408.1:5244-6260	KC875860	36.283	339	145	13	1	319	7	870	1.86e-46	159
NC_001408.1:5244-6260	KM873178	36.592	358	151	15	1	337	7	915	2.16e-46	154
NC_001408.1:5244-6260	KM873179	36.592	358	151	15	1	337	7	915	2.16e-46	154
NC_001408.1:5244-6260	KM873182	35.083	362	151	14	1	337	7	915	2.25e-46	154
NC_001408.1:5244-6260	MN496123	34.247	365	152	13	1	337	7	921	2.44e-46	154
NC_001408.1:5244-6260	KU848764	34.332	367	147	13	1	337	7	915	2.48e-46	154
NC_001408.1:5244-6260	KY983560	36.212	359	153	15	1	337	7	921	2.58e-46	154
NC_001408.1:5244-6260	KJ631321	35.342	365	148	15	1	337	7	921	2.63e-46	154
NC_001408.1:5244-6260	KM873193	34.877	367	148	16	1	337	7	924	2.87e-46	154
NC_001408.1:5244-6260	KT598492	36.538	364	144	16	1	337	7	918	3.53e-46	154
NC_001408.1:5244-6260	KT598496	33.705	359	164	12	1	337	7	927	3.88e-46	154
NC_001408.1:5244-6260	HM595734	35.475	358	159	14	1	337	7	927	3.92e-46	154
NC_001408.1:5244-6260	KP317566	35.196	358	158	13	1	337	7	921	4.15e-46	154
NC_001408.1:5244-6260	HM775331	36.034	358	153	15	1	337	7	915	4.53e-46	154
NC_001408.1:5244-6260	MH379645	35.342	365	147	16	1	337	7	918	4.59e-46	154
NC_001408.1:5244-6260	KT598475	34.262	359	162	12	1	337	7	927	4.85e-46	154
NC_001408.1:5244-6260	KY983548	34.262	359	162	12	1	337	7	927	4.85e-46	154
NC_001408.1:5244-6260	KF796657	36.313	358	152	15	1	337	7	915	5.09e-46	154
NC_001408.1:5244-6260	KY983554	34.262	359	161	13	1	337	7	924	5.25e-46	154
NC_001408.1:5244-6260	KY983555	34.262	359	161	13	1	337	7	924	5.25e-46	154
NC_001408.1:5244-6260	AF097731	36.667	360	152	16	1	337	187	1107	5.65e-46	155
NC_001408.1:5244-6260	KT598483	35.854	357	157	15	1	337	7	921	5.76e-46	154
NC_001408.1:5244-6260	KM873181	35.635	362	149	14	1	337	7	915	5.84e-46	154
NC_001408.1:5244-6260	KM873177	35.294	357	157	14	1	337	7	915	6.03e-46	153
NC_001408.1:5244-6260	KY983557	34.916	358	158	13	1	337	7	918	6.11e-46	153
NC_001408.1:5244-6260	KY983563	37.326	359	148	17	1	337	7	918	6.18e-46	153
NC_001408.1:5244-6260	KF796648	34.973	366	148	14	1	337	7	921	6.54e-46	153
NC_001408.1:5244-6260	HQ260974	34.582	347	144	12	1	319	85	960	6.73e-46	161
NC_001408.1:5244-6260	MW477383	34.699	366	149	14	1	337	7	921	6.82e-46	153
NC_001408.1:5244-6260	JF911743	36.134	357	157	15	1	338	7	921	7.02e-46	153
NC_001408.1:5244-6260	HM775330	34.734	357	160	13	1	337	7	918	7.09e-46	153
NC_001408.1:5244-6260	KY983556	35.014	357	158	13	1	337	7	915	7.45e-46	153
NC_001408.1:5244-6260	KF796653	36.212	359	153	16	1	337	7	921	7.58e-46	153
NC_001408.1:5244-6260	KY983546	35.196	358	160	14	1	337	7	927	8.14e-46	153
NC_001408.1:5244-6260	HQ316166	34.426	366	150	14	1	337	7	921	8.43e-46	153
NC_001408.1:5244-6260	KY379033	36.012	336	141	13	1	319	7	843	8.91e-46	152
NC_001408.1:5244-6260	KY983553	34.530	362	153	14	1	337	7	915	8.92e-46	153
NC_001408.1:5244-6260	KY983549	34.637	358	163	12	1	337	7	930	9.17e-46	153
NC_001408.1:5244-6260	KC282894	33.425	362	158	12	1	337	7	918	9.44e-46	153
NC_001408.1:5244-6260	HQ333258	36.313	358	152	15	1	337	7	915	9.50e-46	153
NC_001408.1:5244-6260	MN496121	33.973	365	153	13	1	337	7	921	1.10e-45	153
NC_001408.1:5244-6260	MN496125	33.973	365	153	13	1	337	7	921	1.10e-45	153
NC_001408.1:5244-6260	JN378893	34.699	366	149	14	1	337	7	921	1.11e-45	153
NC_001408.1:5244-6260	AF076887	33.894	357	164	11	1	337	187	1101	1.19e-45	154
NC_001408.1:5244-6260	KM873187	33.609	363	156	14	1	337	7	918	1.19e-45	152
NC_001408.1:5244-6260	KY983561	36.512	367	140	16	1	337	7	918	1.22e-45	152
NC_001408.1:5244-6260	KF796643	34.819	359	160	14	1	337	7	927	1.41e-45	152
NC_001408.1:5244-6260	KY983562	34.605	367	149	14	1	337	7	924	1.44e-45	152
NC_001408.1:5244-6260	KF534752	33.884	363	156	14	1	337	7	921	1.68e-45	152
NC_001408.1:5244-6260	KT598495	33.426	359	165	12	1	337	7	927	1.71e-45	152
NC_001408.1:5244-6260	HQ333267	34.699	366	149	14	1	337	7	921	1.71e-45	152
NC_001408.1:5244-6260	HQ333268	34.699	366	149	14	1	337	7	921	1.71e-45	152
NC_001408.1:5244-6260	KC875859	36.578	339	144	14	1	319	7	870	1.75e-45	157
NC_001408.1:5244-6260	HM017827	34.783	345	142	13	1	319	7	870	1.82e-45	152
NC_001408.1:5244-6260	MT380457	34.530	362	152	14	1	337	7	912	1.84e-45	152
NC_001408.1:5244-6260	MT380458	34.530	362	152	14	1	337	7	912	1.84e-45	152
NC_001408.1:5244-6260	KC417027	34.699	366	149	14	1	337	7	921	2.03e-45	152
NC_001408.1:5244-6260	KF534753	34.699	366	149	14	1	337	7	921	2.03e-45	152
NC_001408.1:5244-6260	KP317565	34.699	366	149	14	1	337	7	921	2.03e-45	152
NC_001408.1:5244-6260	KU848767	34.699	366	149	14	1	337	7	921	2.03e-45	152
NC_001408.1:5244-6260	KY983559	34.699	366	149	14	1	337	7	921	2.03e-45	152
NC_001408.1:5244-6260	KP317564	34.699	366	149	14	1	337	7	921	2.07e-45	152
NC_001408.1:5244-6260	KF796650	34.699	366	149	14	1	337	7	921	2.28e-45	152
NC_001408.1:5244-6260	JN378888	34.699	366	149	14	1	337	7	921	2.28e-45	152
NC_001408.1:5244-6260	JN378890	34.699	366	149	14	1	337	7	921	2.38e-45	152
NC_001408.1:5244-6260	KM873184	36.620	355	152	15	1	337	7	906	2.44e-45	152
NC_001408.1:5244-6260	KJ631315	36.212	359	152	16	1	337	7	918	2.60e-45	152
NC_001408.1:5244-6260	MW477382	34.699	366	149	14	1	337	7	921	2.67e-45	152
NC_001408.1:5244-6260	MT380460	33.702	362	157	12	1	337	7	918	2.85e-45	152
NC_001408.1:5244-6260	MW491260	33.425	362	157	12	1	337	7	915	2.89e-45	152
NC_001408.1:5244-6260	MH379646	34.521	365	150	15	1	337	7	918	2.93e-45	152
NC_001408.1:5244-6260	MF614031	35.057	348	138	14	1	319	7	873	2.95e-45	152
NC_001408.1:5244-6260	HQ270189	37.746	355	152	15	1	337	181	1092	3.00e-45	157
NC_001408.1:5244-6260	KX010990	33.880	366	152	14	1	337	7	921	3.03e-45	152
NC_001408.1:5244-6260	JN378889	34.699	366	149	14	1	337	7	921	3.23e-45	152
NC_001408.1:5244-6260	MH379644	34.254	362	154	14	1	337	7	915	3.24e-45	151
NC_001408.1:5244-6260	KY983547	34.916	358	158	14	1	337	7	918	3.25e-45	152
NC_001408.1:5244-6260	JX014438	34.699	366	149	14	1	337	7	921	3.26e-45	152
NC_001408.1:5244-6260	HQ333269	34.699	366	149	14	1	337	7	921	3.26e-45	152
NC_001408.1:5244-6260	KC841154	36.944	360	147	15	1	337	7	915	3.28e-45	159
NC_001408.1:5244-6260	KY983550	34.254	362	154	15	1	337	7	915	3.60e-45	151
NC_001408.1:5244-6260	MH379642	33.609	363	156	13	1	337	7	918	3.73e-45	151
NC_001408.1:5244-6260	KJ631313	36.212	359	152	16	1	337	7	918	3.93e-45	151
NC_001408.1:5244-6260	KU848762	34.699	366	149	14	1	337	7	921	3.95e-45	151
NC_001408.1:5244-6260	KU848766	34.699	366	149	14	1	337	7	921	3.95e-45	151
NC_001408.1:5244-6260	KX506774	34.699	366	149	14	1	337	7	921	3.95e-45	151
NC_001408.1:5244-6260	KY983565	34.699	366	149	14	1	337	7	921	3.95e-45	151
NC_001408.1:5244-6260	KY983567	34.699	366	149	14	1	337	7	921	3.95e-45	151
NC_001408.1:5244-6260	KY983552	34.530	362	153	15	1	337	7	915	4.13e-45	151
NC_001408.1:5244-6260	MW491258	35.097	359	157	15	1	337	7	921	4.25e-45	151
NC_001408.1:5244-6260	MN496122	33.699	365	154	13	1	337	7	921	4.30e-45	151
NC_001408.1:5244-6260	KC282897	34.054	370	147	13	1	337	7	924	4.36e-45	151
NC_001408.1:5244-6260	MN496124	33.699	365	154	13	1	337	7	921	4.39e-45	151
NC_001408.1:5244-6260	HM775332	34.758	351	170	14	1	337	7	924	5.21e-45	151
NC_001408.1:5244-6260	KU981172	34.160	363	154	14	1	337	7	918	5.23e-45	151
NC_001408.1:5244-6260	KT598471	35.694	353	157	13	1	337	7	903	5.36e-45	151
NC_001408.1:5244-6260	KY983568	35.694	353	157	13	1	337	7	903	5.36e-45	151
NC_001408.1:5244-6260	KY983569	35.694	353	157	13	1	337	7	903	5.36e-45	151
NC_001408.1:5244-6260	KT598472	34.254	362	155	14	1	337	7	918	5.52e-45	151
NC_001408.1:5244-6260	KT598497	35.854	357	155	14	1	337	7	915	5.68e-45	151
NC_001408.1:5244-6260	KT598493	35.655	359	154	15	1	337	7	918	5.76e-45	151
NC_001408.1:5244-6260	KF796655	34.435	363	154	13	1	337	7	921	5.78e-45	151
NC_001408.1:5244-6260	KF796644	36.034	358	153	15	1	337	7	915	5.86e-45	151
NC_001408.1:5244-6260	AF247387	36.905	336	147	13	1	319	7	870	6.17e-45	155
NC_001408.1:5244-6260	AF247391	35.465	344	141	13	1	319	7	870	6.56e-45	155
NC_001408.1:5244-6260	KJ631314	34.426	366	150	14	1	337	7	921	7.52e-45	150
NC_001408.1:5244-6260	HQ333257	34.530	362	154	13	1	337	7	918	7.58e-45	150
NC_001408.1:5244-6260	KF796640	34.699	366	149	15	1	337	7	921	7.60e-45	150
NC_001408.1:5244-6260	KF218958	34.426	366	150	14	1	337	7	921	8.72e-45	150
NC_001408.1:5244-6260	KT598470	33.702	362	156	14	1	337	7	915	9.23e-45	150
NC_001408.1:5244-6260	KU981173	34.366	355	164	11	1	337	7	918	9.46e-45	150
NC_001408.1:5244-6260	KM655821	34.426	366	150	14	1	337	7	921	9.49e-45	150
NC_001408.1:5244-6260	KM655822	34.426	366	150	14	1	337	7	921	9.49e-45	150
NC_001408.1:5244-6260	MF614030	34.770	348	139	13	1	319	7	873	9.53e-45	150
NC_001408.1:5244-6260	MF614032	34.770	348	139	13	1	319	7	873	9.53e-45	150
NC_001408.1:5244-6260	KJ631318	34.153	366	151	14	1	337	7	921	9.80e-45	150
NC_001408.1:5244-6260	Z36973	34.203	345	145	12	1	319	7	873	1.00e-44	150
NC_001408.1:5244-6260	KJ631316	34.435	363	154	13	1	337	7	921	1.02e-44	150
NC_001408.1:5244-6260	MK104145	34.770	348	139	13	1	319	7	873	1.05e-44	150
NC_001408.1:5244-6260	KC282895	34.435	363	154	13	1	337	7	921	1.14e-44	150
NC_001408.1:5244-6260	MT783294	36.695	357	153	15	1	337	647	1558	1.15e-44	158
NC_001408.1:5244-6260	JN388904	34.770	348	139	13	1	319	7	873	1.16e-44	150
NC_001408.1:5244-6260	MF926335	36.095	338	148	11	1	319	88	954	1.17e-44	157
NC_001408.1:5244-6260	EF653908	34.160	363	155	13	1	337	7	921	1.18e-44	150
NC_001408.1:5244-6260	KF201289	34.770	348	139	13	1	319	7	873	1.32e-44	150
NC_001408.1:5244-6260	KF201290	34.770	348	139	13	1	319	7	873	1.32e-44	150
NC_001408.1:5244-6260	KF218959	34.770	348	139	13	1	319	7	873	1.32e-44	150
NC_001408.1:5244-6260	KF291259	34.770	348	139	13	1	319	7	873	1.32e-44	150
NC_001408.1:5244-6260	JN388907	34.770	348	139	13	1	319	7	873	1.32e-44	150
NC_001408.1:5244-6260	JN378882	34.770	348	139	13	1	319	7	873	1.32e-44	150
NC_001408.1:5244-6260	JN378883	34.770	348	139	13	1	319	7	873	1.32e-44	150
NC_001408.1:5244-6260	JN378884	34.770	348	139	13	1	319	7	873	1.32e-44	150
NC_001408.1:5244-6260	JN378885	34.770	348	139	13	1	319	7	873	1.32e-44	150
NC_001408.1:5244-6260	JN378886	34.770	348	139	13	1	319	7	873	1.32e-44	150
NC_001408.1:5244-6260	KX077608	34.770	348	139	13	1	319	7	873	1.32e-44	150
NC_001408.1:5244-6260	KX077610	34.770	348	139	13	1	319	7	873	1.32e-44	150
NC_001408.1:5244-6260	KX010991	34.770	348	139	13	1	319	7	873	1.32e-44	150
NC_001408.1:5244-6260	KX010992	34.770	348	139	13	1	319	7	873	1.32e-44	150
NC_001408.1:5244-6260	KX010993	34.770	348	139	13	1	319	7	873	1.32e-44	150
NC_001408.1:5244-6260	KX056481	34.770	348	139	13	1	319	7	873	1.32e-44	150
NC_001408.1:5244-6260	KX056482	34.770	348	139	13	1	319	7	873	1.32e-44	150
NC_001408.1:5244-6260	KX056483	34.770	348	139	13	1	319	7	873	1.32e-44	150
NC_001408.1:5244-6260	MF614036	34.770	348	139	13	1	319	7	873	1.35e-44	150
NC_001408.1:5244-6260	MF614037	34.770	348	139	13	1	319	7	873	1.35e-44	150
NC_001408.1:5244-6260	KJ631322	33.425	362	157	13	1	337	7	915	1.41e-44	150
NC_001408.1:5244-6260	MW491259	33.515	367	153	14	1	337	7	924	1.47e-44	150
NC_001408.1:5244-6260	HM600812	36.283	339	145	13	1	319	85	948	1.51e-44	157
NC_001408.1:5244-6260	MF614034	33.908	348	142	12	1	319	7	873	1.55e-44	150
NC_001408.1:5244-6260	KM873186	35.054	368	143	14	1	337	7	915	1.65e-44	150
NC_001408.1:5244-6260	KY983566	34.426	366	150	14	1	337	7	921	1.66e-44	150
NC_001408.1:5244-6260	KC282896	34.426	366	150	14	1	337	7	921	1.75e-44	150
NC_001408.1:5244-6260	HQ386989	35.465	344	141	13	1	319	181	1044	1.88e-44	155
NC_001408.1:5244-6260	KM873183	36.236	356	155	15	1	337	7	915	1.95e-44	149
NC_001408.1:5244-6260	KC841157	37.017	362	140	16	1	337	7	903	2.13e-44	156
NC_001408.1:5244-6260	KM655820	34.160	363	155	13	1	337	7	921	2.23e-44	149
NC_001408.1:5244-6260	MW491257	32.873	362	159	13	1	337	7	915	2.24e-44	149
NC_001408.1:5244-6260	MT783297	36.826	334	144	11	1	319	647	1492	2.33e-44	157
NC_001408.1:5244-6260	KC841153	35.103	339	150	12	1	319	7	873	2.40e-44	156
NC_001408.1:5244-6260	KJ631317	34.973	366	148	15	1	337	7	921	2.40e-44	149
NC_001408.1:5244-6260	MH379643	33.333	363	157	13	1	337	7	918	2.50e-44	149
NC_001408.1:5244-6260	KT598487	36.236	356	156	15	1	337	7	918	2.55e-44	149
NC_001408.1:5244-6260	KT598500	35.014	357	158	13	1	337	7	915	2.65e-44	149
NC_001408.1:5244-6260	JN388901	34.637	358	160	13	1	337	7	921	2.73e-44	149
NC_001408.1:5244-6260	KX077611	34.054	370	146	15	1	337	7	921	2.76e-44	149
NC_001408.1:5244-6260	KU848763	35.278	360	156	15	1	337	7	924	2.80e-44	149
NC_001408.1:5244-6260	KF796642	34.426	366	150	14	1	337	7	921	2.85e-44	149
NC_001408.1:5244-6260	KU848768	33.884	363	155	13	1	337	7	918	2.93e-44	149
NC_001408.1:5244-6260	KM873180	35.799	338	147	13	1	319	7	867	2.95e-44	149
NC_001408.1:5244-6260	KX077609	34.493	345	144	12	1	319	7	873	3.20e-44	149
NC_001408.1:5244-6260	HM600813	36.202	337	149	12	1	319	85	951	3.24e-44	156
NC_001408.1:5244-6260	KT598499	36.592	358	154	16	1	337	7	924	3.31e-44	149
NC_001408.1:5244-6260	KJ631312	33.787	367	149	14	1	337	7	915	3.72e-44	149
NC_001408.1:5244-6260	MT380462	33.702	362	156	13	1	337	7	915	3.76e-44	149
NC_001408.1:5244-6260	KT598490	36.088	363	146	16	1	337	7	915	3.80e-44	149
NC_001408.1:5244-6260	JN388905	34.493	345	144	12	1	319	7	873	3.83e-44	149
NC_001408.1:5244-6260	JX444701	34.493	345	144	12	1	319	7	873	3.87e-44	149
NC_001408.1:5244-6260	KF218957	34.493	345	144	12	1	319	7	873	3.87e-44	149
NC_001408.1:5244-6260	JN388908	34.493	345	144	12	1	319	7	873	3.87e-44	149
NC_001408.1:5244-6260	JN388910	34.493	345	144	12	1	319	7	873	3.87e-44	149
NC_001408.1:5244-6260	KX010989	34.493	345	144	12	1	319	7	873	3.87e-44	149
NC_001408.1:5244-6260	KX056485	34.493	345	144	12	1	319	7	873	3.87e-44	149
NC_001408.1:5244-6260	HQ260975	34.694	343	145	12	1	319	85	948	4.01e-44	156
NC_001408.1:5244-6260	JN388903	34.493	345	144	12	1	319	7	873	4.03e-44	149
NC_001408.1:5244-6260	KX056479	34.783	345	143	13	1	319	7	873	4.03e-44	149
NC_001408.1:5244-6260	KY983558	33.149	362	158	13	1	337	7	915	4.05e-44	149
NC_001408.1:5244-6260	MN496126	33.973	365	153	13	1	337	7	921	4.08e-44	149
NC_001408.1:5244-6260	MH669346	35.484	341	146	13	1	319	7	873	4.10e-44	149
NC_001408.1:5244-6260	MF926336	34.412	340	155	11	1	319	88	966	4.11e-44	156
NC_001408.1:5244-6260	EF103133	34.435	363	153	15	1	337	85	996	4.15e-44	155
NC_001408.1:5244-6260	MF926334	36.095	338	148	11	1	319	88	954	4.62e-44	156
NC_001408.1:5244-6260	HQ332146	34.493	345	144	12	1	319	7	873	4.63e-44	149
NC_001408.1:5244-6260	KJ631320	34.160	363	155	13	1	337	7	921	4.78e-44	149
NC_001408.1:5244-6260	KX056484	34.153	366	151	14	1	337	7	921	4.93e-44	149
NC_001408.1:5244-6260	AB669574	86.842	76	10	0	264	339	7	234	4.93e-44	143
NC_001408.1:5244-6260	MF614029	34.483	348	140	13	1	319	7	873	4.95e-44	148
NC_001408.1:5244-6260	MF614033	34.483	348	140	13	1	319	7	873	4.95e-44	148
NC_001408.1:5244-6260	HM640943	33.699	365	153	15	1	337	7	918	4.97e-44	148
NC_001408.1:5244-6260	KU848765	34.426	366	150	14	1	337	7	921	5.03e-44	148
NC_001408.1:5244-6260	KX056478	34.203	345	145	12	1	319	7	873	5.42e-44	148
NC_001408.1:5244-6260	KT598498	33.978	362	155	15	1	337	7	915	5.50e-44	148
NC_001408.1:5244-6260	KT598477	35.376	359	157	16	1	337	7	924	5.55e-44	148
NC_001408.1:5244-6260	AF247385	34.783	345	143	13	1	319	7	873	5.60e-44	153
NC_001408.1:5244-6260	KF796656	34.699	366	149	15	1	337	7	921	5.71e-44	148
NC_001408.1:5244-6260	JN388906	35.345	348	137	14	1	319	7	873	5.77e-44	148
NC_001408.1:5244-6260	KM873192	35.447	347	136	16	1	319	7	867	5.99e-44	148
NC_001408.1:5244-6260	MH669345	36.950	341	141	16	1	319	7	873	6.25e-44	148
NC_001408.1:5244-6260	KX056480	34.153	366	151	14	1	337	7	921	6.69e-44	148
NC_001408.1:5244-6260	KX077606	34.426	366	150	14	1	337	7	921	7.52e-44	148
NC_001408.1:5244-6260	KX077607	34.426	366	150	14	1	337	7	921	7.52e-44	148
NC_001408.1:5244-6260	KF796654	34.153	366	151	14	1	337	7	921	7.84e-44	148
NC_001408.1:5244-6260	AY897223	36.798	356	155	14	1	337	82	996	7.98e-44	154
NC_001408.1:5244-6260	KT598469	33.978	362	155	14	1	337	7	915	8.75e-44	148
NC_001408.1:5244-6260	KJ631311	33.967	368	148	14	1	337	7	918	8.87e-44	148
NC_001408.1:5244-6260	KF796651	34.153	366	151	14	1	337	7	921	8.90e-44	148
NC_001408.1:5244-6260	KT598474	34.324	370	140	16	1	337	7	906	1.04e-43	147
NC_001408.1:5244-6260	MW491261	34.711	363	152	16	1	337	7	918	1.06e-43	147
NC_001408.1:5244-6260	MH379647	35.475	358	155	15	1	337	7	915	1.08e-43	147
NC_001408.1:5244-6260	MK104146	35.159	347	139	14	1	319	7	873	1.14e-43	147
NC_001408.1:5244-6260	AY897219	34.734	357	159	13	1	337	88	996	1.18e-43	154
NC_001408.1:5244-6260	HQ260976	34.218	339	153	11	1	319	85	951	1.53e-43	154
NC_001408.1:5244-6260	KX077612	34.153	366	151	14	1	337	7	921	1.61e-43	147
NC_001408.1:5244-6260	KC417026	33.884	363	156	13	1	337	7	921	1.69e-43	147
NC_001408.1:5244-6260	MT783269	36.578	339	143	14	1	319	647	1507	1.75e-43	154
NC_001408.1:5244-6260	KF796646	34.160	363	155	13	1	337	7	921	1.84e-43	147
NC_001408.1:5244-6260	MT783292	35.294	357	158	13	1	337	647	1558	1.95e-43	154
NC_001408.1:5244-6260	HQ271447	35.854	357	155	15	1	337	181	1089	2.81e-43	153
NC_001408.1:5244-6260	HQ270188	35.635	362	150	14	1	337	181	1092	2.87e-43	152
NC_001408.1:5244-6260	EF103130	33.702	362	156	13	1	337	362	1270	2.94e-43	153
NC_001408.1:5244-6260	MT783299	35.569	343	141	13	1	319	647	1507	3.07e-43	154
NC_001408.1:5244-6260	MT783251	37.278	338	142	13	1	319	647	1507	3.11e-43	154
NC_001408.1:5244-6260	KT598494	33.884	363	155	14	1	337	7	918	3.53e-43	146
NC_001408.1:5244-6260	AF247566	36.158	354	156	13	1	337	7	909	4.83e-43	150
NC_001408.1:5244-6260	MF614035	34.483	348	140	13	1	319	7	873	5.05e-43	145
NC_001408.1:5244-6260	KY983564	33.607	366	153	14	1	337	7	921	5.34e-43	145
NC_001408.1:5244-6260	KX077613	34.483	348	140	13	1	319	7	873	5.57e-43	145
NC_001408.1:5244-6260	MW491256	32.873	362	159	13	1	337	7	915	5.66e-43	145
NC_001408.1:5244-6260	MW491254	32.873	362	159	13	1	337	7	915	5.90e-43	145
NC_001408.1:5244-6260	MW491255	32.873	362	159	13	1	337	7	915	5.90e-43	145
NC_001408.1:5244-6260	AF247392	35.159	347	139	14	1	319	7	873	5.90e-43	150
NC_001408.1:5244-6260	KY983551	32.873	362	159	13	1	337	7	915	6.16e-43	145
NC_001408.1:5244-6260	KC875863	35.057	348	138	14	1	319	7	873	7.52e-43	150
NC_001408.1:5244-6260	MT783275	36.364	341	143	14	1	319	647	1513	8.74e-43	152
NC_001408.1:5244-6260	EF107624	34.626	361	154	14	1	337	362	1270	9.84e-43	151
NC_001408.1:5244-6260	KC841156	36.716	335	148	13	1	319	7	867	9.86e-43	151
NC_001408.1:5244-6260	MT783296	35.989	364	145	16	1	337	647	1555	9.99e-43	152
NC_001408.1:5244-6260	KC841152	35.838	346	137	15	1	319	7	870	1.06e-42	152
NC_001408.1:5244-6260	AF305091	35.821	335	148	12	1	319	225	1076	1.08e-42	152
NC_001408.1:5244-6260	MT783267	36.901	355	154	14	1	337	647	1555	1.08e-42	152
NC_001408.1:5244-6260	MT783247	34.884	344	144	13	1	319	181	1047	1.43e-42	150
NC_001408.1:5244-6260	MH186094	33.515	367	152	15	1	337	7	921	1.47e-42	144
NC_001408.1:5244-6260	AY897226	32.603	365	162	13	1	339	85	1005	1.51e-42	151
NC_001408.1:5244-6260	MT783293	33.880	366	151	13	1	337	647	1558	1.71e-42	151
NC_001408.1:5244-6260	AF247388	33.908	348	141	12	1	319	7	870	1.79e-42	149
NC_001408.1:5244-6260	KC875861	34.483	348	140	14	1	319	7	873	1.81e-42	149
NC_001408.1:5244-6260	KC282898	35.989	364	146	17	1	337	7	918	1.95e-42	144
NC_001408.1:5244-6260	MT783285	35.174	344	141	12	1	319	647	1507	2.02e-42	151
NC_001408.1:5244-6260	AY897224	36.364	341	143	14	1	319	76	942	2.48e-42	151
NC_001408.1:5244-6260	AY234052	35.537	363	155	15	1	337	34	963	2.83e-42	150
NC_001408.1:5244-6260	AY897220	36.212	359	153	16	1	337	76	990	3.48e-42	150
NC_001408.1:5244-6260	HQ271448	33.978	362	155	12	1	337	181	1089	4.07e-42	150
NC_001408.1:5244-6260	MT783279	33.884	363	155	14	1	337	647	1558	4.35e-42	150
NC_001408.1:5244-6260	MT783264	37.183	355	153	16	1	337	647	1555	4.43e-42	150
NC_001408.1:5244-6260	MT783286	36.657	341	141	14	1	319	647	1510	7.28e-42	150
NC_001408.1:5244-6260	AY897232	34.604	341	151	14	1	319	85	957	7.45e-42	149
NC_001408.1:5244-6260	AF247390	33.333	339	156	11	1	319	7	873	7.64e-42	147
NC_001408.1:5244-6260	AY897231	34.604	341	151	14	1	319	85	957	7.86e-42	149
NC_001408.1:5244-6260	AY897221	36.364	341	143	14	1	319	31	897	9.13e-42	149
NC_001408.1:5244-6260	AY897218	34.160	363	157	14	1	337	85	1005	9.61e-42	149
NC_001408.1:5244-6260	EF103132	35.946	370	144	16	1	337	85	1014	1.28e-41	149
NC_001408.1:5244-6260	MT783300	34.551	356	164	12	1	337	647	1564	1.29e-41	149
NC_001408.1:5244-6260	AY897228	33.884	363	156	13	1	337	85	999	1.95e-41	148
NC_001408.1:5244-6260	AY897222	33.333	363	160	13	1	337	46	966	2.45e-41	148
NC_001408.1:5244-6260	MT783260	34.294	347	141	12	1	319	647	1510	2.53e-41	148
NC_001408.1:5244-6260	MT783280	36.202	337	148	13	1	319	647	1510	2.57e-41	148
NC_001408.1:5244-6260	MT783254	34.957	349	142	14	1	319	647	1528	2.68e-41	148
NC_001408.1:5244-6260	AY897225	37.059	340	140	16	1	319	7	867	3.30e-41	147
NC_001408.1:5244-6260	HQ386988	34.375	352	135	14	1	319	181	1047	3.32e-41	146
NC_001408.1:5244-6260	AY897230	34.203	345	144	12	1	319	85	948	3.37e-41	147
NC_001408.1:5244-6260	AF247389	32.945	343	153	10	1	319	7	876	3.49e-41	145
NC_001408.1:5244-6260	MT783298	36.034	358	153	16	1	337	647	1555	3.59e-41	148
NC_001408.1:5244-6260	MT783284	35.569	343	141	13	1	319	647	1507	4.35e-41	147
NC_001408.1:5244-6260	AY897229	35.068	365	148	17	1	337	85	996	4.66e-41	147
NC_001408.1:5244-6260	EF103131	34.174	357	161	12	1	337	362	1270	6.05e-41	146
NC_001408.1:5244-6260	MT783255	34.513	339	151	13	1	319	647	1510	9.30e-41	146
NC_001408.1:5244-6260	AY897227	35.196	358	158	16	1	337	85	999	9.41e-41	146
NC_001408.1:5244-6260	MT783288	34.605	367	150	14	1	337	647	1567	1.53e-40	146
NC_001408.1:5244-6260	AY234051	34.903	361	160	15	1	337	88	1017	1.71e-40	145
NC_001408.1:5244-6260	MT783266	36.228	334	143	12	1	319	647	1483	3.20e-40	145
NC_001408.1:5244-6260	MT783270	36.578	339	143	15	1	319	647	1507	3.59e-40	145
NC_001408.1:5244-6260	EF103129	34.066	364	153	15	1	337	362	1273	3.63e-40	144
NC_001408.1:5244-6260	MT783276	35.312	337	150	13	1	319	647	1507	6.44e-40	144
NC_001408.1:5244-6260	KF796645	32.873	362	159	14	1	337	7	915	2.43e-39	136
NC_001408.1:5244-6260	MH186095	34.254	362	156	15	1	337	7	921	2.71e-39	136
NC_001408.1:5244-6260	MT783278	34.375	352	133	15	1	319	647	1507	1.63e-38	140
NC_001408.1:5244-6260	KX061539	96.825	63	2	0	277	339	1	189	3.17e-36	130
NC_001408.1:5244-6260	JN388909	31.129	363	166	13	1	335	7	927	2.24e-34	123
NC_001408.1:5244-6260	KF796649	31.092	357	172	14	1	337	7	915	5.79e-32	116
NC_001408.1:5244-6260	KF796649	80.000	20	4	0	18	37	57	116	3.49e-04	36.2
NC_001408.1:5244-6260	KJ179907	44.275	131	47	4	1	131	225	539	2.30e-27	101
NC_001408.1:5244-6260	KJ179908	44.275	131	47	4	1	131	225	539	2.30e-27	101
NC_001408.1:5244-6260	KJ179911	44.275	131	47	4	1	131	225	539	2.72e-27	100
NC_001408.1:5244-6260	KJ179918	45.038	131	45	4	1	131	225	536	3.47e-27	100
NC_001408.1:5244-6260	KJ179914	44.275	131	47	4	1	131	225	539	3.83e-27	100
NC_001408.1:5244-6260	KJ179912	44.275	131	47	4	1	131	225	539	6.83e-27	99.8
NC_001408.1:5244-6260	KJ179913	45.614	114	44	3	1	114	225	512	8.48e-27	99.8
NC_001408.1:5244-6260	KJ179910	43.511	131	48	4	1	131	225	539	1.01e-26	99.4
NC_001408.1:5244-6260	KJ179922	45.455	132	43	4	1	131	225	536	1.62e-26	99.0
NC_001408.1:5244-6260	KJ179921	46.212	132	42	5	1	131	225	536	1.71e-26	98.6
NC_001408.1:5244-6260	AY360088	46.957	115	41	3	1	114	225	512	1.73e-26	99.0
NC_001408.1:5244-6260	KJ179909	43.511	131	48	4	1	131	225	539	2.02e-26	98.6
NC_001408.1:5244-6260	KJ179916	44.697	132	44	4	1	131	225	536	2.14e-26	98.6
NC_001408.1:5244-6260	DQ316907	48.182	110	39	3	1	110	187	462	2.32e-26	97.8
NC_001408.1:5244-6260	DQ316908	48.182	110	39	3	1	110	187	462	3.19e-26	97.4
NC_001408.1:5244-6260	KJ179919	44.697	132	44	5	1	131	225	536	3.20e-26	98.2
NC_001408.1:5244-6260	KJ179917	44.697	132	44	4	1	131	225	536	3.58e-26	97.8
NC_001408.1:5244-6260	DQ316906	48.182	110	39	3	1	110	187	462	4.40e-26	97.1
NC_001408.1:5244-6260	KJ179915	43.939	132	45	4	1	131	225	536	8.61e-26	97.1
NC_001408.1:5244-6260	KJ179920	43.939	132	45	5	1	131	225	536	3.08e-25	95.5
NC_001408.1:5244-6260	KC841155	46.212	132	42	6	1	131	7	318	5.99e-25	100
NC_001408.1:5244-6260	KC841155	80.488	41	8	0	279	319	744	866	4.17e-17	77.0
NC_001408.1:5244-6260	X07818	90.698	43	4	0	297	339	1	129	4.04e-20	83.2
NC_001408.1:5244-6260	LC271591	100.000	31	0	0	1	31	219	311	1.10e-16	69.7
NC_001408.1:5244-6260	LC271592	62.963	27	7	2	30	55	1	75	3.57e-04	33.1
